32 5
5
00011 00101 00110 01000 10000
7
00011 00101 00110 01001 01010 01100 10000
7
00011 00100 00110 01000 01001 10000 10001
7
00011 00101 00111 01000 01001 10000 10001
4
0011* 0101* 0110* 1000*
9
00011 00101 00111 01000 01010 01100 01110 10000 10001
9
00010 00110 00111 01000 01001 01100 01101 10001 10010
7
00111 01001 01010 01101 01110 10000 10011
9
00011 00110 00111 01000 01001 01100 01101 10001 10011
9
00100 00101 00110 01010 01101 10000 10001 10010 10011
5
0011* 0100* 0110* 1000* 1001*
10
00101 00110 01001 01010 01101 01110 10000 10001 10010 10011
9
00110 01001 01100 01101 01110 10000 10001 10010 10011
9
00010 00100 01010 01011 01100 01101 10001 10010 10100
7
00011 01001 01010 01101 01110 10011 10100
7
00111 01001 01010 01101 01110 10011 10100
9
00110 01000 01001 01010 01101 10000 10001 10011 10100
9
00110 01001 01011 01100 01110 10000 10001 10011 10100
9
00110 01001 01010 01101 01110 10000 10001 10011 10100
9
00110 01001 01100 01101 01110 10000 10001 10011 10100
7
00110 01011 01101 01110 10000 10011 10101
9
00101 01010 01011 01100 01101 10001 10010 10011 10101
9
00101 01010 01100 01101 01110 10001 10010 10011 10101
10
00011 00100 01001 01011 01100 01110 10010 10011 10100 10101
10
00011 00101 00110 01001 01010 01100 10001 10010 10100 11000
7
00101 00110 01011 01110 10011 10101 11000
8
0001* 0010* 0100* 0111* 1000* 1011* 1101* 1110*
16
00001 00010 00100 00111 01000 01011 01101 01110 10000 10011 10101 10110 11001 11010 11100 11111
4
**001 **010 **100 **111
3
***01 ***10 ***11
11
*0011 *0101 *0110 *0111 *1001 *1010 *1011 *1100 *1101 *1110 *1111
20
00011 00101 00111 01001 01011 01101 01110 01111 10001 10011 10101 10110 10111 11001 11010 11011 11100 11101 11110 11111
