19 5
8
00011 00101 00111 01001 01011 01101 01110 10000
7
00110 00111 01001 01010 01100 10000 10001
8
00110 00111 01010 01011 01101 01110 10000 10001
8
00110 00111 01001 01011 01100 10000 10001 10010
8
00111 01011 01100 01101 01110 10000 10001 10010
8
00111 01010 01100 01101 01110 10000 10001 10011
7
00101 00111 01011 01100 10001 10010 10011
8
00111 01001 01010 01100 10000 10001 10010 10011
8
00111 01011 01101 01110 10000 10001 10010 10011
8
00011 00111 01001 01010 01100 10001 10010 10100
8
00111 01001 01010 01100 10001 10010 10100 11000
10
00110 00111 01010 01011 01100 01101 10001 10010 10100 11000
8
00110 01010 01101 01110 10001 10011 10100 11000
10
00111 01001 01011 01100 01110 10010 10011 10100 10101 11000
12
00111 01001 01010 01011 01100 01101 01110 10001 10011 10101 10110 11000
10
00110 01001 01100 01101 01110 10001 10010 10011 10110 11001
10
00011 00111 01010 01011 01101 01110 10010 10100 10110 11001
10
00011 00110 01010 01011 01101 01110 10011 10100 10110 11001
12
00111 01011 01100 01101 01110 10001 10010 10011 10100 10110 11000 11001
