73 5
7
00000 00001 01111 10001 10010 10100 11000
7
00001 00010 01111 10001 10010 10100 11000
7
00011 00100 01111 10001 10010 10100 11000
7
00000 00111 01111 10001 10010 10100 11000
9
00011 00101 00110 00111 01111 10001 10010 10100 11000
7
00111 01000 01111 10001 10010 10100 11000
8
00110 00111 01001 01111 10001 10010 10100 11000
8
00111 01001 01010 01111 10001 10010 10100 11000
8
00111 01011 01100 01111 10001 10010 10100 11000
7
00000 01111 10000 10001 10010 10100 11000
8
00110 01001 01111 10000 10001 10010 10100 11000
10
00111 01011 01101 01110 01111 10000 10001 10010 10100 11000
6
00000 01101 01110 10011 10100 11000
7
00001 00011 01101 01110 10011 10100 11000
7
00001 00100 01101 01110 10011 10100 11000
7
00011 00100 01101 01110 10011 10100 11000
7
00001 00111 01101 01110 10011 10100 11000
9
00011 00101 00110 00111 01101 01110 10011 10100 11000
7
00101 01000 01101 01110 10011 10100 11000
7
00111 01000 01101 01110 10011 10100 11000
8
00011 00101 01001 01101 01110 10011 10100 11000
9
00101 00110 00111 01001 01101 01110 10011 10100 11000
9
00101 00111 01001 01010 01101 01110 10011 10100 11000
8
00011 00111 01011 01101 01110 10011 10100 11000
7
00001 01100 01101 01110 10011 10100 11000
9
00101 00110 01001 01100 01101 01110 10011 10100 11000
7
00000 00101 00110 01111 10011 10100 11000
7
00101 00110 01000 01111 10011 10100 11000
6
00110 01001 01111 10011 10100 11000
7
00010 00111 01001 01111 10011 10100 11000
7
00010 00011 01101 01111 10011 10100 11000
8
00010 00100 00110 01101 01111 10011 10100 11000
8
00010 00100 00111 01101 01111 10011 10100 11000
8
00011 00110 00111 01101 01111 10011 10100 11000
8
00010 00110 01000 01101 01111 10011 10100 11000
8
00010 00111 01000 01101 01111 10011 10100 11000
8
00110 00111 01000 01101 01111 10011 10100 11000
8
00011 00111 01010 01101 01111 10011 10100 11000
8
00111 01000 01010 01101 01111 10011 10100 11000
8
00011 00110 01100 01101 01111 10011 10100 11000
8
00010 00111 01100 01101 01111 10011 10100 11000
9
00100 00110 01000 01100 01101 01111 10011 10100 11000
8
00111 01001 01101 01110 10000 10011 10100 11000
9
00101 01001 01100 01101 01110 10000 10011 10100 11000
9
00110 01001 01100 01101 01110 10000 10011 10100 11000
8
00010 00110 01101 01111 10000 10011 10100 11000
8
00011 00110 01101 01111 10000 10011 10100 11000
8
00010 00111 01101 01111 10000 10011 10100 11000
8
00111 01010 01101 01111 10000 10011 10100 11000
9
00110 01010 01100 01101 01111 10000 10011 10100 11000
9
00101 01001 01101 01110 01111 10000 10011 10100 11000
9
00101 00110 01001 01101 01110 10001 10011 10100 11000
9
00101 00110 01010 01101 01110 10001 10011 10100 11000
9
00110 00111 01010 01101 01110 10001 10011 10100 11000
9
00110 01010 01100 01101 01110 10001 10011 10100 11000
9
00011 00100 00110 00111 01111 10001 10011 10100 11000
8
00100 00111 01010 01111 10001 10011 10100 11000
8
00111 01000 01010 01111 10001 10011 10100 11000
8
00011 00110 01100 01111 10001 10011 10100 11000
8
00111 01010 01100 01111 10001 10011 10100 11000
8
00100 01000 01110 01111 10001 10011 10100 11000
8
00111 01000 01110 01111 10001 10011 10100 11000
8
00011 01100 01110 01111 10001 10011 10100 11000
9
00110 01010 01101 01110 01111 10001 10011 10100 11000
9
00110 01001 01101 01110 10000 10001 10011 10100 11000
8
00001 01110 01111 10000 10001 10011 10100 11000
10
00111 01011 01100 01110 01111 10000 10001 10011 10100 11000
8
00011 01100 01111 10001 10010 10011 10100 11000
8
00101 01011 01100 01110 10010 10011 10101 11000
10
00100 00110 01010 01101 01111 10000 10010 10011 10101 11000
10
00110 00111 01010 01101 01111 10000 10010 10011 10101 11000
10
00111 01010 01100 01101 01111 10000 10010 10011 10101 11000
10
00011 00101 00110 01000 01111 10000 10111 11001 11010 11100
