241 5
4
00001 00010 00011 00100
5
00001 00011 00101 00110 01000
4
00011 00100 00111 01000
5
00011 00101 00110 00111 01000
4
00010 00100 00110 01001
5
00010 00011 00100 00111 01001
5
00011 00101 00110 01000 01001
5
00010 00100 00111 01000 01001
5
00011 00100 00111 01001 01010
5
00001 00010 00111 01011 01100
5
00001 00010 00100 01000 01111
5
00011 00101 00110 01000 01111
5
00001 00010 00111 01000 01111
6
00011 00100 00110 01000 01001 01111
6
00011 00101 00111 01001 01010 10000
6
00001 00101 00111 01000 01011 10000
6
00111 01000 01001 01010 01100 10000
5
00001 00111 01011 01100 10000
5
00011 00111 01011 01100 10000
5
00100 00111 01011 01100 10000
6
00010 00011 00111 01011 01101 10000
5
00011 00101 00110 01111 10000
6
00001 00011 00101 01000 01111 10000
4
00111 01000 01111 10000
4
00110 01001 01111 10000
6
00010 00011 00111 01001 01111 10000
6
00001 00010 00111 01011 01111 10000
6
00101 00110 00111 01011 01111 10000
5
00111 01011 01100 01111 10000
6
00111 01011 01101 01110 01111 10000
6
00011 00100 00101 00110 01010 10001
5
00011 00100 00111 01010 10001
6
00010 00110 00111 01000 01011 10001
5
00010 00110 01010 01100 10001
6
00011 00110 00111 01010 01100 10001
5
00010 00111 01011 01100 10001
6
00110 00111 01000 01011 01100 10001
4
00110 01000 01110 10001
6
00010 00011 00111 01000 01110 10001
6
00010 00111 01000 01001 01110 10001
5
00110 01010 01100 01110 10001
6
00010 00011 00110 01000 01111 10001
5
00010 00111 01000 01111 10001
5
00110 00111 01000 01111 10001
5
00110 01000 01001 01111 10001
6
00100 00110 00111 01010 01111 10001
6
00101 00110 01000 01010 01111 10001
5
00110 01010 01100 01111 10001
6
00010 00100 00111 01110 01111 10001
7
00010 00111 01001 01010 01100 10000 10001
7
00101 00110 00111 01011 01100 10000 10001
6
00010 00111 01011 01101 10000 10001
7
00011 00110 00111 01011 01101 10000 10001
4
00001 01110 10000 10001
6
00010 00111 01000 01110 10000 10001
5
00111 01001 01110 10000 10001
6
00100 00111 01011 01110 10000 10001
6
00011 00100 00110 01111 10000 10001
5
00110 01000 01111 10000 10001
6
00010 00111 01001 01111 10000 10001
6
00111 01001 01010 01111 10000 10001
6
00111 01010 01100 01111 10000 10001
7
00111 01000 01001 01010 01100 10001 10010
6
00011 00111 01011 01100 10001 10010
6
00100 00111 01011 01100 10001 10010
7
00101 00110 00111 01011 01100 10001 10010
5
00011 00100 01101 10001 10010
6
00001 00100 00110 01101 10001 10010
6
00001 00110 01000 01101 10001 10010
6
00111 01000 01010 01101 10001 10010
7
00100 00101 00111 01011 01101 10001 10010
5
00011 01100 01101 10001 10010
7
00101 00111 01010 01100 01101 10001 10010
7
00111 01001 01010 01100 01101 10001 10010
7
00101 00111 01011 01100 01101 10001 10010
7
00111 01000 01100 01101 01110 10001 10010
7
00111 01001 01100 01101 01110 10001 10010
5
00011 00100 01111 10001 10010
6
00010 00100 00101 01111 10001 10010
5
00100 01000 01111 10001 10010
5
00111 01000 01111 10001 10010
6
00100 00101 01001 01111 10001 10010
5
00011 01100 01111 10001 10010
6
00110 01001 01100 01111 10001 10010
6
00111 01011 01100 01111 10001 10010
6
00001 00100 01101 01111 10001 10010
6
00110 01000 01101 01111 10001 10010
7
00111 01001 01100 01101 01111 10001 10010
7
00111 01010 01100 01101 01111 10001 10010
6
00011 00110 01101 10000 10001 10010
7
00101 00110 00111 01000 01011 01100 10011
5
00100 00101 01000 01101 10011
5
00101 00110 01000 01101 10011
6
00100 00110 00111 01000 01101 10011
6
00100 00111 01000 01010 01101 10011
6
00100 00101 00110 01000 01111 10011
5
00100 00111 01000 01111 10011
6
00101 00110 00111 01000 01111 10011
6
00100 00110 01000 01001 01111 10011
6
00101 00110 01000 01001 01111 10011
6
00100 01000 01101 01110 01111 10011
5
00111 01011 01100 10000 10011
6
00001 00110 01000 01101 10000 10011
6
00010 00110 01000 01101 10000 10011
6
00010 00111 01001 01101 10000 10011
6
00110 00111 01010 01101 10000 10011
6
00110 00111 01011 01101 10000 10011
5
00010 01100 01101 10000 10011
7
00111 01001 01010 01100 01101 10000 10011
5
00011 01101 01110 10000 10011
5
00100 01000 01111 10000 10011
6
00010 00101 01001 01111 10000 10011
6
00100 00101 01001 01111 10000 10011
6
00001 00100 01101 01111 10000 10011
6
00001 00110 01101 01111 10000 10011
6
00110 01000 01101 01111 10000 10011
6
00110 01010 01101 01111 10000 10011
7
00100 00111 01001 01010 01100 10001 10011
6
00100 00101 01000 01111 10001 10011
6
00101 00110 01000 01111 10001 10011
6
00100 00111 01010 01111 10001 10011
6
00110 01000 01100 01111 10001 10011
7
00111 01001 01010 01101 10000 10001 10011
6
00101 01000 01111 10000 10001 10011
8
00110 00111 01001 01011 01100 10001 10010 10011
7
00100 00111 01011 01101 10001 10010 10011
7
00111 01010 01100 01101 10001 10010 10011
7
00111 01000 01101 01110 10001 10010 10011
6
00101 01000 01111 10001 10010 10011
7
00111 01001 01100 01111 10001 10010 10011
7
00011 01010 01011 01101 10001 10010 10100
7
00101 01011 01100 01111 10001 10010 10100
8
00111 01011 01101 01110 10000 10001 10010 10100
6
00111 01000 01010 01101 10011 10100
7
00011 00110 01001 01010 01101 10011 10100
7
00101 00111 01001 01010 01101 10011 10100
7
00110 00111 01001 01010 01101 10011 10100
6
00001 00010 01011 01101 10011 10100
6
00010 01000 01011 01101 10011 10100
6
00100 01000 01011 01101 10011 10100
6
00110 01000 01011 01101 10011 10100
7
00110 01001 01010 01011 01101 10011 10100
7
00101 01001 01010 01100 01101 10011 10100
7
00110 01001 01010 01100 01101 10011 10100
6
00001 01000 01101 01110 10011 10100
6
00100 01000 01101 01110 10011 10100
6
00111 01000 01101 01110 10011 10100
5
00111 01000 01111 10011 10100
6
00001 00010 01001 01111 10011 10100
6
00110 01000 01001 01111 10011 10100
6
00001 01001 01010 01111 10011 10100
6
00100 01001 01010 01111 10011 10100
6
00101 01001 01010 01111 10011 10100
6
00111 01001 01010 01111 10011 10100
7
00101 01000 01001 01011 01111 10011 10100
6
00010 01001 01100 01111 10011 10100
7
00110 01000 01100 01101 01111 10011 10100
7
00111 01011 01101 01110 10000 10011 10100
7
00110 01010 01011 01101 10001 10011 10100
7
00011 01010 01101 01110 10001 10011 10100
7
00111 01010 01100 01111 10001 10011 10100
7
00110 01000 01001 01011 01101 10011 10101
6
00001 00010 01000 01111 10011 10101
5
00110 01000 01111 10011 10101
6
00100 01000 01010 01111 10011 10101
6
00010 01000 01011 01111 10011 10101
6
00001 01000 01111 10000 10011 10101
8
00111 01011 01101 01110 10000 10001 10011 10101
7
00011 01000 01010 01111 10010 10011 10101
7
00011 01000 01101 01111 10010 10011 10101
6
00001 01000 01111 10011 10101 10110
6
00111 01000 01111 10011 10101 10110
6
00001 00010 01001 01111 10000 10111
6
00001 01001 01010 01111 10000 10111
6
00011 00100 01010 01111 10001 10111
6
00010 01000 01011 01111 10001 10111
6
00010 01011 01100 01111 10001 10111
7
00011 00111 01010 01101 10011 10100 11000
7
00011 00101 01101 01110 10011 10100 11000
7
00011 00111 01101 01110 10011 10100 11000
6
00110 01001 01111 10011 10100 11000
7
00001 01101 01110 10001 10011 10100 11000
8
00011 01101 01110 10001 10010 10011 10100 11000
7
00011 00110 01011 01101 10011 10101 11000
6
00100 01011 01110 10011 10101 11000
6
00110 01001 01111 10011 10101 11000
7
00010 01100 01111 10010 10011 10101 11000
5
00001 00010 01111 10111 11000
5
00011 00100 01111 10111 11000
6
00010 01001 01111 10000 10111 11000
6
00100 01010 01111 10001 10111 11000
9
00111 01001 01110 10001 10010 10011 10100 10101 11001
5
00010 00100 01111 10110 11001
6
00011 00100 01000 01111 10110 11001
6
00011 00101 01000 01111 10110 11001
6
00001 00010 01111 10000 10110 11001
6
00011 00100 01111 10000 10110 11001
6
00100 01010 01111 10001 10110 11001
6
00100 01000 01111 10011 10110 11001
7
00110 01000 01111 10011 10100 10110 11001
6
00010 00011 00100 01111 10111 11001
6
00001 00010 00100 01111 10111 11011
6
00001 00010 01111 10111 11011 11100
5
00011 00101 00110 01000 11111
6
00011 00100 00110 01000 01001 11111
5
00011 00100 01000 10000 11111
6
00010 00011 00101 01001 10000 11111
6
00001 00010 00111 01001 10000 11111
6
00001 00111 01001 01010 10000 11111
7
00011 00110 00111 01001 01011 10000 11111
6
00111 01001 01010 01100 10000 11111
5
00111 01011 01100 10000 11111
5
00001 00010 01111 10000 11111
5
00011 00100 01111 10000 11111
6
00111 01001 01010 01111 10000 11111
7
00011 00110 00111 01000 01010 10001 11111
6
00010 00100 00111 01011 10001 11111
5
00110 01010 01100 10001 11111
7
00010 00011 00111 01010 01100 10001 11111
5
00010 00100 01110 10001 11111
6
00010 00011 00100 01111 10001 11111
6
00111 01010 01100 10000 10001 11111
6
00011 00100 01110 10000 10001 11111
6
00011 00101 01110 10000 10001 11111
6
00111 01000 01110 10000 10001 11111
6
00110 01001 01110 10000 10001 11111
7
00111 01011 01101 01110 10000 10001 11111
6
00110 01001 01100 10001 10010 11111
6
00111 01011 01100 10001 10010 11111
6
00110 01000 01101 10001 10010 11111
6
00111 01000 01101 10001 10010 11111
7
00111 01001 01100 01101 10001 10010 11111
7
00111 01010 01100 01101 10001 10010 11111
6
00001 00010 00100 01111 10011 11111
6
00101 00110 01000 01111 10011 11111
6
00110 01000 01101 10000 10011 11111
7
00110 00111 01001 01101 10000 10011 11111
7
00111 01000 01001 01101 10000 10011 11111
7
00110 01000 01001 01101 10001 10011 11111
7
00101 01011 01100 10001 10010 10100 11111
6
00001 00010 01111 10011 10100 11111
