25 5
6
00011 00111 01001 01010 01100 10000
6
00101 00110 00111 01011 01100 10000
6
00110 00111 01001 01011 01100 10000
6
00011 00110 00111 01011 01101 10000
6
00011 00111 01011 01101 01110 10000
6
00110 00111 01001 01010 01100 10001
6
00011 00110 01010 01100 10000 10001
6
00111 01001 01010 01100 10000 10001
6
00101 00111 01011 01100 10000 10001
6
00111 01011 01100 01110 10000 10001
6
00111 01011 01101 01110 10000 10001
6
00011 00111 01001 01100 10001 10010
6
00101 00111 01011 01100 10001 10010
6
00110 01010 01100 01101 10001 10010
6
00111 01010 01100 01101 10001 10010
6
00111 01011 01100 01101 10001 10010
6
00111 01011 01100 10000 10001 10010
6
00111 01010 01100 01101 10000 10011
6
00111 01010 01101 10000 10001 10011
7
00111 01001 01010 01100 10001 10010 10011
6
00111 01011 01100 10001 10010 10011
6
00101 01011 01100 10001 10010 10100
6
00111 01011 01100 10001 10010 10100
6
00011 01101 01110 10011 10100 11000
10
00110 01001 01100 01101 01110 10001 10010 10011 10110 11001
